675.510000
683.430000
683.810000
684.890000
684.840000
681.940000
683.470000
682.830000
692.320000
690.660000
690.570000
691.260000
689.840000
692.000000
692.030000
690.860000
687.700000
686.450000
681.180000
680.770000
679.010000
677.140000
676.550000
666.140000
665.640000
662.300000
661.740000
664.450000
663.540000
663.770000
665.540000
661.730000
659.540000
665.590000
665.630000
659.430000
657.090000
652.570000
651.310000
651.420000
649.330000
647.930000
645.980000
643.240000
643.570000
639.400000
638.540000
639.470000
635.090000
634.960000
629.840000
628.000000
625.880000
625.170000
626.940000
627.040000
624.940000
623.890000
621.360000
621.050000
621.470000
617.670000
619.660000
617.960000
611.880000
612.500000
608.490000
609.140000
608.360000
608.780000
608.780000
607.630000
604.210000
607.990000
606.320000
606.390000
608.280000
607.400000
606.470000
604.580000
604.680000
604.460000
604.590000
604.400000
606.940000
606.880000
605.860000
604.400000
603.780000
605.730000
606.460000
605.470000
606.010000
604.000000
605.330000
604.810000
602.730000
602.650000
602.110000
598.090000
598.120000
597.590000
597.620000
597.530000
597.210000
597.290000
594.680000
595.370000
591.760000
593.510000
593.200000
592.690000
588.920000
589.900000
590.470000
589.590000
587.760000
587.320000
590.100000
588.080000
588.090000
583.840000
584.360000
585.920000
577.350000
577.380000
575.710000
574.170000
555.750000
556.000000
555.740000
560.950000
567.620000
573.550000
572.800000
572.670000
572.960000
580.740000
591.240000
594.280000
593.770000
591.640000
590.850000
590.410000
588.740000
588.530000
590.260000
589.920000
588.490000
591.830000
591.950000
591.780000
591.010000
591.300000
587.010000
586.340000
584.730000
584.290000
581.500000
585.320000
585.110000
582.190000
584.930000
584.980000
581.150000
580.730000
579.230000
576.640000
573.720000
569.810000
569.530000
566.690000
566.300000
563.330000
564.440000
565.320000
561.740000
562.180000
558.900000
556.260000
556.650000
554.710000
555.660000
556.200000
565.450000
565.750000
569.980000
570.100000
567.890000
570.170000
570.520000
574.120000
571.870000
569.180000
576.900000
576.430000
576.880000
577.390000
579.780000
581.340000
581.650000
576.760000
575.110000
574.220000
571.370000
571.290000
575.440000
575.980000
571.400000
572.470000
573.630000
571.410000
571.170000
568.780000
569.880000
569.180000
566.520000
565.360000
565.110000
563.250000
562.590000
560.580000
560.390000
559.470000
555.470000
553.770000
553.890000
553.590000
553.500000
553.520000
552.720000
554.440000
554.420000
553.520000
553.170000
549.530000
550.170000
548.790000
546.610000
546.970000
547.010000
546.880000
547.490000
546.780000
549.470000
549.050000
549.660000
551.070000
551.190000
552.200000
551.650000
550.950000
9351.110000
9354.550000
9343.780000
9248.820000
9248.820000
9161.330000
9148.730000
9019.980000
9106.550000
9106.550000
9058.540000
9061.930000
9057.080000
8988.870000
8988.870000
8967.620000
8956.860000
8939.880000
8929.600000
8929.600000
8912.580000
8859.200000
8873.950000
8819.310000
8819.310000
8792.800000
8768.900000
8806.920000
8760.620000
8760.620000
8704.210000
8656.110000
8655.010000
8771.990000
8771.990000
8761.160000
8734.490000
8727.780000
8761.060000
8761.060000
8745.280000
8696.390000
8711.870000
8677.870000
8677.870000
8652.500000
8608.790000
8611.810000
8618.120000
8618.120000
8605.340000
8520.020000
8561.840000
8561.840000
8509.680000
8509.680000
8440.530000
8412.320000
8385.080000
8387.610000
8387.610000
8399.650000
8399.390000
8359.550000
8243.740000
8243.740000
8231.130000
8229.190000
8334.310000
8325.280000
8325.280000
8300.650000
8298.460000
8346.690000
8337.780000
8337.780000
8337.320000
8359.590000
8407.880000
8317.160000
8317.160000
8297.790000
8329.480000
8271.140000
8262.790000
8262.790000
8188.460000
8170.730000
8073.970000
8044.470000
8044.470000
8005.490000
7972.590000
8059.210000
8170.750000
8170.750000
8150.270000
8142.660000
8143.750000
7982.950000
7982.950000
7982.950000
7982.950000
7982.950000
7982.950000
7982.950000
7977.260000
7961.460000
7976.800000
8017.770000
8017.770000
8014.390000
8008.540000
7964.910000
7981.070000
7981.070000
8002.140000
8003.440000
8024.710000
8024.710000
8024.710000
7998.210000
8030.580000
8070.590000
7893.670000
7893.670000
7855.190000
7864.560000
7643.130000
7634.300000
7634.300000
7662.960000
7831.760000
7933.950000
7766.520000
7766.520000
7751.320000
7722.700000
8054.650000
8192.390000
8192.390000
8214.850000
8179.900000
8203.200000
8131.160000
8131.160000
8085.500000
8114.750000
8072.300000
8072.300000
8072.300000
8072.300000
8072.300000
8072.300000
7910.660000
7910.660000
7915.110000
7863.830000
7793.980000
7770.450000
7770.450000
7774.510000
7800.920000
7806.030000
7667.070000
7667.070000
7699.250000
7703.250000
7699.020000
7690.380000
7690.380000
7706.010000
7708.520000
7695.250000
7668.580000
7668.580000
7586.310000
7620.830000
7567.430000
7504.380000
7504.380000
7504.380000
7517.360000
7500.690000
7526.260000
7526.260000
7526.260000
7526.290000
7463.370000
7623.890000
7623.890000
7623.890000
7583.280000
7635.750000
7613.350000
7613.350000
7613.350000
7576.630000
7557.240000
7404.120000
7404.120000
7404.120000
7378.000000
7326.930000
7363.130000
7363.130000
7363.130000
7355.270000
7147.420000
7147.420000
7147.420000
7139.300000
7158.750000
7206.270000
7206.270000
7182.480000
7189.130000
7179.800000
7179.800000
7179.800000
7166.930000
7127.680000
7127.680000
7127.680000
7124.400000
7124.300000
7060.040000
7060.040000
7060.040000
7096.990000
7145.600000
7237.820000
7237.820000
7237.820000
7190.310000
7160.520000
7178.100000
7178.100000
7178.100000
7172.570000
7177.620000
7177.620000
7176.880000
7162.890000
7095.480000
7095.480000
7095.480000
7076.040000
7057.440000
7025.370000
7025.370000
7025.370000
0.266638
0.266645
0.266631
0.266631
0.266645
0.266638
0.266652
0.266645
0.266638
0.266638
0.266645
0.266645
0.266638
0.266638
0.266638
0.266645
0.266645
0.266645
0.266645
0.266645
0.266638
0.266645
0.266624
0.266645
0.266645
0.266638
0.266617
0.266638
0.266638
0.266624
0.266638
0.266631
0.266631
0.266638
0.266631
0.266631
0.266624
0.266645
0.266638
0.266645
0.266624
0.266624
0.266610
0.266638
0.266631
0.266631
0.266631
0.266638
0.266624
0.266624
0.266631
0.266617
0.266638
0.266638
0.266631
0.266638
0.266638
0.266638
0.266638
0.266645
0.266631
0.266638
0.266645
0.266631
0.266603
0.266631
0.266638
0.266631
0.266631
0.266645
0.266638
0.266638
0.266638
0.266645
0.266638
0.266645
0.266645
0.266645
0.266631
0.266645
0.266645
0.266645
0.266645
0.266645
0.266631
0.266638
0.266638
0.266638
0.266645
0.266645
0.266645
0.266638
0.266645
0.266631
0.266638
0.266638
0.266631
0.266631
0.266645
0.266638
0.266631
0.266631
0.266631
0.266652
0.266652
0.266652
0.266652
0.266652
0.266645
0.266652
0.266645
0.266645
0.266652
0.266652
0.266645
0.266645
0.266652
0.266652
0.266645
0.266652
0.266645
0.266645
0.266631
0.266638
0.266631
0.266624
0.266631
0.266624
0.266603
0.266624
0.266624
0.266631
0.266631
0.266631
0.266631
0.266631
0.266631
0.266652
0.266631
0.266652
0.266652
0.266645
0.266652
0.266645
0.266638
0.266645
0.266645
0.266645
0.266645
0.266638
0.266624
0.266631
0.266645
0.266645
0.266631
0.266645
0.266645
0.266645
0.266652
0.266645
0.266631
0.266624
0.266638
0.266638
0.266631
0.266638
0.266581
0.266624
0.266624
0.266631
0.266624
0.266652
0.266645
0.266638
0.266631
0.266652
0.266610
0.266638
0.266652
0.266645
0.266638
0.266588
0.266638
0.266631
0.266631
0.266638
0.266638
0.266624
0.266638
0.266660
0.266645
0.266660
0.266645
0.266645
0.266645
0.266645
0.266645
0.266645
0.266638
0.266624
0.266645
0.266631
0.266645
0.266652
0.266645
0.266645
0.266645
0.266631
0.266645
0.266645
0.266645
0.266645
0.266638
0.266645
0.266645
0.266645
0.266652
0.266645
0.266652
0.266645
0.266652
0.266652
0.266645
0.266652
0.266652
0.266652
0.266645
0.266652
0.266652
0.266652
0.266652
0.266652
0.266645
0.266652
0.266645
0.266652
0.266652
0.266645
0.266645
0.266652
0.266652
0.266638
0.266652
0.266631
0.266645
0.266645
0.266645
0.266652
0.266645
0.266652
0.266652
0.266652
1.390300
1.386000
1.387700
1.387500
1.386100
1.373300
1.374300
1.373500
1.380200
1.371000
1.368700
1.374500
1.373500
1.374600
1.371900
1.373300
1.375900
1.370700
1.369300
1.368100
1.359300
1.363800
1.364600
1.363500
1.359000
1.353300
1.351900
1.352500
1.348600
1.355500
1.366300
1.367100
1.367300
1.367800
1.369600
1.354700
1.356100
1.355200
1.354100
1.362000
1.360500
1.367900
1.367100
1.367000
1.360800
1.357600
1.361600
1.362900
1.358900
1.367200
1.376300
1.380100
1.374900
1.369600
1.367300
1.366100
1.368500
1.376800
1.376100
1.374200
1.375300
1.378600
1.376100
1.373900
1.370600
1.366700
1.359300
1.358800
1.354200
1.359100
1.360600
1.357900
1.357200
1.351700
1.355800
1.348200
1.343900
1.353800
1.350600
1.349600
1.346100
1.348700
1.343600
1.340700
1.336700
1.341900
1.351300
1.347400
1.351400
1.348700
1.358400
1.373600
1.374500
1.378500
1.380200
1.380100
1.377600
1.378100
1.368100
1.368700
1.367500
1.353400
1.352400
1.356100
1.354400
1.352000
1.352400
1.357300
1.358100
1.355800
1.361900
1.357900
1.352600
1.352700
1.352200
1.348900
1.352600
1.347400
1.349300
1.352400
1.353000
1.352100
1.335900
1.333400
1.329400
1.329900
1.331100
1.326800
1.325500
1.317800
1.312000
1.320700
1.317000
1.319200
1.322200
1.324100
1.334000
1.339300
1.336800
1.338300
1.335600
1.335500
1.341700
1.333500
1.332900
1.334700
1.325500
1.326300
1.330000
1.334200
1.338100
1.333600
1.330500
1.325800
1.327600
1.320700
1.330200
1.326300
1.326200
1.327900
1.327700
1.320100
1.322300
1.318600
1.314300
1.310900
1.312500
1.316200
1.306200
1.306700
1.309700
1.297800
1.278100
1.287000
1.282900
1.291400
1.300900
1.297900
1.306400
1.301000
1.303800
1.301200
1.307700
1.312000
1.312200
1.322000
1.329500
1.339200
1.336700
1.334700
1.337500
1.333700
1.331300
1.325700
1.321800
1.324600
1.309300
1.308100
1.307600
1.299900
1.305000
1.294100
1.285600
1.293100
1.293200
1.293400
1.285800
1.290600
1.283900
1.288200
1.288700
1.292000
1.297500
1.298900
1.315300
1.307900
1.307600
1.311400
1.306500
1.316800
1.309900
1.303000
1.301100
1.301500
1.299600
1.306600
1.305200
1.305100
1.303200
1.317700
1.303600
1.311300
1.309900
1.307000
1.308300
1.300900
1.299100
1.293600
1.285000
1.282000
1.281600
1.278000
1.286100
1.285300
1.298900
1.289900
1.293300
1.288200
1.295700
1.307600
1.300500
1.296100
1.000200
1.000300
1.000400
1.000500
1.000600
1.000700
1.000800
1.000900
1.001000
1.001100
1.001200
1.001300
1.001400
1.001500
1.001600
1.001700
1.001800
1.001900
1.002000
1.002100
1.002200
1.002300
1.002400
1.002500
1.002600
1.002700
1.002800
1.002900
1.003000
1.003100
1.003200
1.003300
1.003400
1.003500
1.003600
1.003700
1.003800
1.003900
1.004000
1.004100
1.004200
1.004300
1.004400
1.004500
1.004600
1.004700
1.004800
1.004900
1.005000
1.005100
1.005200
1.005400
1.005500
1.005900
1.006000
1.006100
1.006200
1.006300
1.006400
1.006500
1.006600
1.006700
1.006800
1.006900
1.007000
1.007100
1.007200
1.007300
1.007400
1.007500
1.007600
1.007700
1.007800
1.007900
1.008000
1.008100
1.008200
1.008300
1.008400
1.008500
1.008600
1.008700
1.008800
1.008900
1.009000
1.009100
1.009200
1.009300
1.009400
1.009500
1.009600
1.009700
1.009800
1.009900
1.010000
1.010100
1.010200
1.010300
1.010400
1.010500
1.010600
1.010700
1.010800
1.010900
1.011000
1.011100
1.011200
1.011300
1.011400
1.011500
1.011600
1.011700
1.011800
1.011900
1.012000
1.012100
1.012200
1.012300
1.012400
1.012500
1.012600
1.012700
1.012800
1.012900
1.013000
1.013100
1.013200
1.013300
1.013400
1.013500
1.013600
1.013700
1.013800
1.013900
1.014000
1.014100
1.014200
1.014300
1.014400
1.014500
1.014600
1.014700
1.014800
1.014900
1.015000
1.015100
1.015200
1.015300
1.015400
1.015500
1.015600
1.015700
1.015800
1.015900
1.016000
1.016100
1.016200
1.016300
1.016400
1.016500
1.016600
1.016700
1.016800
1.016900
1.017000
1.017100
1.017200
1.017300
1.017400
1.017500
1.017600
1.017700
1.017800
1.017900
1.018000
1.018100
1.018200
1.018300
1.018400
1.018500
1.018600
1.018700
1.018800
1.018900
1.019000
1.019100
1.019200
1.019300
1.019400
1.019500
1.019600
1.019700
1.019800
1.019900
1.020000
1.020100
1.020200
1.020300
1.020400
1.020500
1.020600
1.020700
1.020800
1.020900
1.021000
1.021100
1.021200
1.021300
1.021500
1.021600
1.021700
1.021800
1.021900
1.022000
1.022200
1.022300
1.022400
1.022500
1.022600
1.022800
1.022900
1.023000
1.023100
1.023200
1.023300
1.023400
1.023500
1.023600
1.023700
1.023800
1.023900
1.024000
1.024100
1.024200
1.024300
1.024400
1.024500
1.024600
1.024700
1.024800
1.025100
1.025200
1.025300
1.025400
1.025500
1.025600
1.025700
1.025800
1.025900
1.026000
1.026100
1.026200
675.510000
683.430000
683.810000
684.890000
684.840000
681.940000
683.470000
682.830000
692.320000
690.660000
690.570000
691.260000
689.840000
692.000000
692.030000
690.860000
687.700000
686.450000
681.180000
680.770000
679.010000
677.140000
676.550000
666.140000
665.640000
662.300000
661.740000
664.450000
663.540000
663.770000
665.540000
661.730000
659.540000
665.590000
665.630000
659.430000
657.090000
652.570000
651.310000
651.420000
649.330000
647.930000
645.980000
643.240000
643.570000
639.400000
638.540000
639.470000
635.090000
634.960000
629.840000
628.000000
625.880000
625.170000
626.940000
627.040000
624.940000
623.890000
621.360000
621.050000
621.470000
617.670000
619.660000
617.960000
611.880000
612.500000
608.490000
609.140000
608.360000
608.780000
608.780000
607.630000
604.210000
607.990000
606.320000
606.390000
608.280000
607.400000
606.470000
604.580000
604.680000
604.460000
604.590000
604.400000
606.940000
606.880000
605.860000
604.400000
603.780000
605.730000
606.460000
605.470000
606.010000
604.000000
605.330000
604.810000
602.730000
602.650000
602.110000
598.090000
598.120000
597.590000
597.620000
597.530000
597.210000
597.290000
594.680000
595.370000
591.760000
593.510000
593.200000
592.690000
588.920000
589.900000
590.470000
589.590000
587.760000
587.320000
590.100000
588.080000
588.090000
583.840000
584.360000
585.920000
577.350000
577.380000
575.710000
574.170000
555.750000
556.000000
555.740000
560.950000
567.620000
573.550000
572.800000
572.670000
572.960000
580.740000
591.240000
594.280000
593.770000
591.640000
590.850000
590.410000
588.740000
588.530000
590.260000
589.920000
588.490000
591.830000
591.950000
591.780000
591.010000
591.300000
587.010000
586.340000
584.730000
584.290000
581.500000
585.320000
585.110000
582.190000
584.930000
584.980000
581.150000
580.730000
579.230000
576.640000
573.720000
569.810000
569.530000
566.690000
566.300000
563.330000
564.440000
565.320000
561.740000
562.180000
558.900000
556.260000
556.650000
554.710000
555.660000
556.200000
565.450000
565.750000
569.980000
570.100000
567.890000
570.170000
570.520000
574.120000
571.870000
569.180000
576.900000
576.430000
576.880000
577.390000
579.780000
581.340000
581.650000
576.760000
575.110000
574.220000
571.370000
571.290000
575.440000
575.980000
571.400000
572.470000
573.630000
571.410000
571.170000
568.780000
569.880000
569.180000
566.520000
565.360000
565.110000
563.250000
562.590000
560.580000
560.390000
559.470000
555.470000
553.770000
553.890000
553.590000
553.500000
553.520000
552.720000
554.440000
554.420000
553.520000
553.170000
549.530000
550.170000
548.790000
546.610000
546.970000
547.010000
546.880000
547.490000
546.780000
549.470000
549.050000
549.660000
551.070000
551.190000
552.200000
551.650000
550.950000